Kontoauszug 
 
Kontonummer: 10000088 	 BankSST 
Datum 	 	 	 Verwendungszweck 	 	 	 	 	 Betrag 
 
28 10 2016 15:26:18 	 Stephies Testzweck 	 	 	 	 	 +1505.000000 
28 10 2016 15:26:32 	  	 	 	 	 	 -0.000000 
28 10 2016 15:26:56 	  	 	 	 	 	 -0.000000 
28 10 2016 15:44:12 	 Testzweck errormeldungtest 	 	 	 	 	 +255.000000 
28 10 2016 15:44:58 	  	 	 	 	 	 +25.000000 
28 10 2016 15:45:17 	 testo 	 	 	 	 	 +28.500000 
29 10 2016 08:59:58 	  	 	 	 	 	 -0.000000 
29 10 2016 08:59:58 	  	 	 	 	 	 -0.000000 
29 10 2016 09:07:10 	  	 	 	 	 	 -505.000000 
29 10 2016 09:07:10 	  	 	 	 	 	 -505.000000 
29 10 2016 09:20:01 	  	 	 	 	 	 -20.500000 
29 10 2016 09:22:36 	  	 	 	 	 	 -50.900000 
29 10 2016 09:22:36 	  	 	 	 	 	 -50.900000 
29 10 2016 09:27:07 	  	 	 	 	 	 -80.700000 
29 10 2016 09:31:45 	  	 	 	 	 	 -50.000000 
29 10 2016 09:33:32 	  	 	 	 	 	 -50.000000 
29 10 2016 09:50:22 	  	 	 	 	 	 -18.000000 
